0	0
1.00000000 0.00000000 0.00000000 0.00000000
0.00000000 1.00000000 0.00000000 0.00000000
0.00000000 0.00000000 1.00000000 0.00000000
0.00000000 0.00000000 0.00000000 1.00000000
1	1
0.99629777 -0.02628315 0.08185327 0.02182402
0.00565811 0.97010205 0.24263142 -0.47745217
-0.08578314 -0.24127001 0.96665921 -0.02423888
0.00000000 0.00000000 0.00000000 1.00000000
2	2
0.92770099 -0.11087352 0.35647991 -0.23355688
0.00837220 0.96081922 0.27704932 -0.55221776
-0.37323019 -0.25403441 0.89228120 0.14214053
0.00000000 0.00000000 0.00000000 1.00000000
3	3
0.81240105 -0.16416013 0.55951406 -0.41226130
0.01089905 0.96365972 0.26691038 -0.54726332
-0.58299721 -0.21074010 0.78466736 0.32295176
0.00000000 0.00000000 0.00000000 1.00000000
4	4
0.87912867 -0.13385583 0.45740070 -0.20914281
0.00609641 0.96282733 0.27004882 -0.59137569
-0.47654550 -0.23461916 0.84726515 0.31020301
0.00000000 0.00000000 0.00000000 1.00000000
5	5
0.96858969 -0.07048502 0.23846568 0.12243651
0.00100674 0.96008943 0.27969140 -0.66092593
-0.24866244 -0.27066614 0.93000368 0.24425636
0.00000000 0.00000000 0.00000000 1.00000000
6	6
0.99880296 0.01390252 -0.04689738 0.52323999
0.00024541 0.95732283 0.28902066 -0.73046761
0.04891405 -0.28868620 0.95617347 0.15768648
0.00000000 0.00000000 0.00000000 1.00000000
7	7
0.94886996 0.10016589 -0.29935362 0.87045744
-0.00767752 0.95536272 0.29533562 -0.77074790
0.31557384 -0.27793681 0.90728401 0.09308520
0.00000000 0.00000000 0.00000000 1.00000000
8	8
0.87446028 0.13667566 -0.46544493 1.08890338
-0.01209302 0.96533192 0.26074517 -0.68325920
0.48494637 -0.22238266 0.84579724 0.07852235
0.00000000 0.00000000 0.00000000 1.00000000
9	9
0.85447685 0.05071249 -0.51700828 1.00659024
-0.01691395 0.99741199 0.06988024 -0.10812500
0.51921406 -0.05096639 0.85312320 0.27269556
0.00000000 0.00000000 0.00000000 1.00000000
10	10
0.88477818 0.00890434 -0.46592733 0.94447907
-0.00367103 0.99991959 0.01213833 0.03408223
0.46599795 -0.00902930 0.88473973 0.35408278
0.00000000 0.00000000 0.00000000 1.00000000
11	11
0.93340007 0.04511559 -0.35599002 0.96096391
-0.01019951 0.99499967 0.09935607 -0.36560134
0.35869246 -0.08910804 0.92919292 0.22354096
0.00000000 0.00000000 0.00000000 1.00000000
12	12
0.97172590 0.06239389 -0.22771866 1.04285474
-0.00291295 0.96754725 0.25267339 -0.93822797
0.23609383 -0.24486594 0.94037247 0.05141880
0.00000000 0.00000000 0.00000000 1.00000000
13	13
0.99079657 0.05002362 -0.12577679 1.25792520
0.00022010 0.92860964 0.37105806 -1.23952704
0.13535921 -0.36767073 0.92005224 -0.08842803
0.00000000 0.00000000 0.00000000 1.00000000
14	14
0.99990795 0.00503089 -0.01260048 1.75444159
0.00227562 0.85337087 0.52129932 -1.21897425
0.01337549 -0.52128001 0.85328087 -0.19785657
0.00000000 0.00000000 0.00000000 1.00000000
15	15
0.99270649 0.05853334 -0.10539297 2.04145885
0.00149979 0.86815790 0.49628581 -1.17028845
0.12054700 -0.49282421 0.86173820 -0.17223746
0.00000000 0.00000000 0.00000000 1.00000000
16	16
0.92150168 0.13144545 -0.36545416 2.10779975
-0.00187181 0.94247647 0.33426727 -1.12638080
0.38836985 -0.30734379 0.86873969 -0.03112693
0.00000000 0.00000000 0.00000000 1.00000000
17	17
0.77678558 0.09056118 -0.62321974 2.15129236
-0.01217076 0.99158049 0.12891861 -1.07084643
0.62964755 -0.09255706 0.77134762 0.08372675
0.00000000 0.00000000 0.00000000 1.00000000
18	18
0.72348312 0.00970485 -0.69027386 2.25850524
-0.01670368 0.99985453 -0.00344992 -1.06577168
0.69013996 0.01402607 0.72353998 -0.02110264
0.00000000 0.00000000 0.00000000 1.00000000
19	19
0.85391865 -0.02373905 -0.51986478 2.50165336
-0.01894570 0.99687873 -0.07664116 -1.13431027
0.52006153 0.07529452 0.85080358 -0.52125793
0.00000000 0.00000000 0.00000000 1.00000000
20	20
0.93865867 0.00394286 -0.34482510 2.66106954
-0.00689801 0.99994924 -0.00734349 -1.16767986
0.34477864 0.00927164 0.93863823 -0.82388139
0.00000000 0.00000000 0.00000000 1.00000000
21	21
0.94412866 0.08110569 -0.31944162 2.75150794
-0.00278462 0.97117541 0.23834970 -1.12011489
0.32956536 -0.22414325 0.91714038 -0.72679620
0.00000000 0.00000000 0.00000000 1.00000000
22	22
0.95028526 0.15754438 -0.26858460 2.81978195
-0.00548358 0.87089370 0.49144084 -1.05266708
0.31133237 -0.46553618 0.82846135 -0.54752085
0.00000000 0.00000000 0.00000000 1.00000000
23	23
0.98540064 0.09781269 -0.13934940 2.85237415
-0.00037774 0.81974545 0.57272790 -1.02577634
0.17025109 -0.56431380 0.80781464 -0.47647449
0.00000000 0.00000000 0.00000000 1.00000000
24	24
0.99642866 -0.04924803 0.06858984 2.85559456
0.00090915 0.81851126 0.57448976 -1.02289339
-0.08443405 -0.57237570 0.81563285 -0.47165019
0.00000000 0.00000000 0.00000000 1.00000000
25	25
0.93373684 -0.19771115 0.29840546 2.84945377
0.00732498 0.84400630 0.53628324 -1.03547754
-0.35788527 -0.49856160 0.78952800 -0.48258739
0.00000000 0.00000000 0.00000000 1.00000000
26	26
0.84704651 -0.25459489 0.46657653 2.85402006
0.01040222 0.88558991 0.46435148 -1.04272891
-0.53141698 -0.38847387 0.75278419 -0.49932167
0.00000000 0.00000000 0.00000000 1.00000000
27	27
0.84524261 -0.13715290 0.51648235 2.85411074
0.00410934 0.96814228 0.25036700 -1.03740489
-0.53436696 -0.20949846 0.81887871 -0.53444201
0.00000000 0.00000000 0.00000000 1.00000000
28	28
0.90396370 0.02484011 0.42688711 2.84774317
-0.00026859 0.99834410 -0.05752383 -1.04033563
-0.42760913 0.05188479 0.90247349 -0.57628793
0.00000000 0.00000000 0.00000000 1.00000000
29	29
0.85844997 0.06825227 0.50833580 2.80394098
-0.00408966 0.99198574 -0.12628367 -1.05572623
-0.51288101 0.10632929 0.85184926 -0.45181709
0.00000000 0.00000000 0.00000000 1.00000000
30	30
0.75586434 0.01365309 0.65458590 2.79391659
0.01006300 0.99942220 -0.03246551 -1.03150259
-0.65465093 0.03112662 0.75529021 -0.31222849
0.00000000 0.00000000 0.00000000 1.00000000
31	31
0.58978670 -0.15937070 0.79167710 2.79885352
0.02325690 0.98327877 0.18061557 -1.06917813
-0.80722411 -0.08811270 0.58363121 -0.14479968
0.00000000 0.00000000 0.00000000 1.00000000
32	32
0.31785883 -0.38402169 0.86688702 2.75363183
0.01576200 0.91631851 0.40013990 -1.06899325
-0.94800703 -0.11352413 0.29731288 0.11011224
0.00000000 0.00000000 0.00000000 1.00000000
33	33
0.03684559 -0.58521787 0.81003854 2.71835379
0.01626153 0.81083275 0.58505198 -1.07223503
-0.99918865 -0.00838412 0.03939215 0.32380483
0.00000000 0.00000000 0.00000000 1.00000000
34	34
-0.19468841 -0.68757571 0.69952560 2.70161292
0.01273051 0.71134069 0.70273206 -1.08666984
-0.98078252 0.14571911 -0.12973660 0.50401273
0.00000000 0.00000000 0.00000000 1.00000000
35	35
-0.33681854 -0.66650464 0.66507506 2.67312316
0.00625270 0.70474836 0.70942981 -1.06995802
-0.94154882 0.24310763 -0.23320486 0.62334495
0.00000000 0.00000000 0.00000000 1.00000000
36	36
-0.38931218 -0.51157660 0.76598003 2.66806197
0.00806961 0.82966121 0.55820889 -1.06936660
-0.92107052 0.22349868 -0.31886899 0.67721383
0.00000000 0.00000000 0.00000000 1.00000000
37	37
-0.36258824 -0.23948751 0.90065282 2.67291766
0.01093582 0.96525821 0.26106895 -1.06648126
-0.93188528 0.10450990 -0.34737228 0.66536777
0.00000000 0.00000000 0.00000000 1.00000000
38	38
-0.32771190 0.04421171 0.94374267 2.68139584
0.01459320 0.99902218 -0.04173396 -1.06804286
-0.94466499 0.00009551 -0.32803664 0.62855959
0.00000000 0.00000000 0.00000000 1.00000000
39	39
-0.34340203 0.16458687 0.92465464 2.66814043
0.01311036 0.98526921 -0.17050718 -1.07322780
-0.93909699 -0.04642995 -0.34050124 0.59190708
0.00000000 0.00000000 0.00000000 1.00000000
40	40
-0.51159351 0.04614534 0.85798758 2.65529362
0.00465682 0.99869106 -0.05093609 -1.01892901
-0.85921499 -0.02206308 -0.51113876 0.58805558
0.00000000 0.00000000 0.00000000 1.00000000
41	41
-0.72333285 -0.18038342 0.66652188 2.66119932
0.00484324 0.96392579 0.26612705 -0.97976343
-0.69048254 0.19572656 -0.69636555 0.59654124
0.00000000 0.00000000 0.00000000 1.00000000
42	42
-0.80114989 -0.31163914 0.51092063 2.59421761
0.00196081 0.85234884 0.52297000 -0.94157854
-0.59846053 0.41997918 -0.68224811 0.45775766
0.00000000 0.00000000 0.00000000 1.00000000
43	43
-0.73772239 -0.40778836 0.53802819 2.49952340
-0.00458562 0.79996419 0.60003022 -0.94924870
-0.67508862 0.44018853 -0.59202146 0.22011166
0.00000000 0.00000000 0.00000000 1.00000000
44	44
-0.56270443 -0.48174251 0.67177964 2.30828792
0.01944023 0.80470867 0.59335152 -0.90802479
-0.82642955 0.34694108 -0.44344795 -0.10135183
0.00000000 0.00000000 0.00000000 1.00000000
45	45
-0.27273463 -0.51076280 0.81531416 2.06793270
0.05125344 0.83852437 0.54244813 -0.84122725
-0.96072312 0.18973204 -0.20251628 -0.52620659
0.00000000 0.00000000 0.00000000 1.00000000
46	46
-0.00691147 -0.54377401 0.83920323 1.90950417
0.01923901 0.83899563 0.54379794 -0.87278351
-0.99979102 0.01990388 0.00466298 -0.87326519
0.00000000 0.00000000 0.00000000 1.00000000
47	47
0.20057507 -0.53908189 0.81802222 1.78455394
0.01767497 0.83684596 0.54715303 -0.89350566
-0.97951888 -0.09528674 0.17737869 -1.19277782
0.00000000 0.00000000 0.00000000 1.00000000
48	48
0.28668125 -0.56309812 0.77507055 1.65583353
0.01379490 0.81137115 0.58436852 -0.88852040
-0.95792670 -0.15683547 0.24037278 -1.70970080
0.00000000 0.00000000 0.00000000 1.00000000
49	49
0.18152943 -0.54535124 0.81831479 1.63400608
0.01111368 0.83322495 0.55282246 -0.87100096
-0.98332271 -0.09125906 0.15731571 -2.03803970
0.00000000 0.00000000 0.00000000 1.00000000
50	50
0.24390993 -0.37490924 0.89439980 1.63357904
0.01348184 0.92347551 0.38342042 -0.88417235
-0.96970418 -0.08146189 0.23029931 -2.10022287
0.00000000 0.00000000 0.00000000 1.00000000
51	51
0.32641156 -0.10702800 0.93914882 1.63275492
0.01088762 0.99392862 0.10948675 -0.88277094
-0.94516504 -0.02551265 0.32559507 -2.07659428
0.00000000 0.00000000 0.00000000 1.00000000
52	52
0.32964629 0.10326104 0.93844045 1.64311004
0.01295724 0.99341215 -0.11386133 -0.89589518
-0.94401559 0.04969357 0.32613665 -2.05001676
0.00000000 0.00000000 0.00000000 1.00000000
53	53
0.17694400 0.22210377 0.95883301 1.64606643
0.01261519 0.97361324 -0.22785548 -0.88706821
-0.98414007 0.05241352 0.16947314 -2.05097764
0.00000000 0.00000000 0.00000000 1.00000000
54	54
-0.09878814 0.28310014 0.95398911 1.64811775
0.01694397 0.95901805 -0.28283790 -0.89785617
-0.99496422 -0.01177666 -0.09953645 -2.03668732
0.00000000 0.00000000 0.00000000 1.00000000
55	55
-0.35472721 0.26671014 0.89612181 1.64197298
0.01115237 0.95958878 -0.28118500 -0.87156447
-0.93490333 -0.08975009 -0.34336670 -2.03372289
0.00000000 0.00000000 0.00000000 1.00000000
56	56
-0.48832167 0.14798940 0.86002389 1.64212352
0.01343658 0.98667405 -0.16215355 -0.89699751
-0.87256026 -0.06762731 -0.48380279 -2.04086634
0.00000000 0.00000000 0.00000000 1.00000000
57	57
-0.51766197 -0.07186647 0.85256161 1.63704992
0.02312211 0.99492697 0.09790651 -0.84901147
-0.85527274 0.07039550 -0.51337415 -2.11878257
0.00000000 0.00000000 0.00000000 1.00000000
58	58
-0.54637510 -0.28481002 0.78762777 1.62556168
0.02287779 0.93497944 0.35396336 -0.82986751
-0.83722808 0.21141595 -0.50433366 -2.13251041
0.00000000 0.00000000 0.00000000 1.00000000
59	59
-0.66665650 -0.33237990 0.66715269 1.63907793
0.02262016 0.88563425 0.46383220 -0.90234881
-0.74502177 0.32430785 -0.58289534 -1.96103712
0.00000000 0.00000000 0.00000000 1.00000000
60	60
-0.81246515 -0.27584447 0.51362459 1.62811081
0.01671850 0.86960228 0.49346972 -1.05103070
-0.58277000 0.40951398 -0.70190984 -1.64662849
0.00000000 0.00000000 0.00000000 1.00000000
61	61
-0.93746752 -0.16158949 0.30829125 1.63731420
0.00894086 0.87423778 0.48541567 -1.22764111
-0.34795792 0.45781781 -0.81812477 -1.25938574
0.00000000 0.00000000 0.00000000 1.00000000
62	62
-0.99524434 -0.04765646 0.08495626 1.68743537
-0.00286072 0.88607478 0.46353349 -1.38686877
-0.09736796 0.46108605 -0.88199724 -0.90805517
0.00000000 0.00000000 0.00000000 1.00000000
63	63
-0.99307734 0.05854444 -0.10183294 1.79532375
0.00468975 0.88601157 0.46363942 -1.51206224
0.11736868 0.45995223 -0.88015257 -0.70618043
0.00000000 0.00000000 0.00000000 1.00000000
64	64
-0.92037261 0.18487663 -0.34457930 2.25540546
-0.01112305 0.86844741 0.49565652 -1.61937979
0.39088430 0.46002145 -0.79723881 -0.69558830
0.00000000 0.00000000 0.00000000 1.00000000
65	65
-0.80684004 0.30034478 -0.50872602 2.77329546
-0.01086954 0.85343081 0.52109280 -1.68300397
0.59066996 0.42596815 -0.68531754 -0.81270116
0.00000000 0.00000000 0.00000000 1.00000000
66	66
-0.70690940 0.32839640 -0.62644625 3.10845994
-0.01111492 0.88041456 0.47407454 -1.72985070
0.70721677 0.34209065 -0.61872323 -0.88090330
0.00000000 0.00000000 0.00000000 1.00000000
67	67
-0.73772322 0.14018361 -0.66038853 3.05155763
-0.01261550 0.97517032 0.22109659 -1.71604021
0.67498541 0.17143922 -0.71763730 -0.87556133
0.00000000 0.00000000 0.00000000 1.00000000
68	68
-0.61356325 0.12260461 -0.78006939 3.03901011
-0.01206479 0.98630196 0.16450803 -1.70243993
0.78955341 0.11034746 -0.60367943 -0.87794057
0.00000000 0.00000000 0.00000000 1.00000000
69	69
-0.39204721 0.22845642 -0.89112662 3.03814680
-0.01614129 0.96681631 0.25496213 -1.71998008
0.91980348 0.11434112 -0.37535005 -0.87419945
0.00000000 0.00000000 0.00000000 1.00000000
70	70
-0.17512396 0.46030728 -0.87031535 3.16867726
-0.01701740 0.88242872 0.47013823 -1.74380267
0.98439931 0.09714297 -0.14670118 -0.78038605
0.00000000 0.00000000 0.00000000 1.00000000
71	71
-0.06151626 0.67905841 -0.73150217 3.15793732
-0.01903482 0.73195875 0.68108301 -1.74353740
0.99792456 0.05582169 -0.03210161 -0.60673956
0.00000000 0.00000000 0.00000000 1.00000000
72	72
-0.20885474 0.69129473 -0.69173065 2.79437825
-0.01722086 0.70462020 0.70937566 -1.70664009
0.97779504 0.16006866 -0.13525858 -0.47358575
0.00000000 0.00000000 0.00000000 1.00000000
73	73
-0.40693815 0.63139564 -0.66010673 2.38886083
-0.01267342 0.71867565 0.69522996 -1.64820173
0.91336779 0.29128140 -0.28445460 -0.35203181
0.00000000 0.00000000 0.00000000 1.00000000
74	74
-0.63047018 0.51474876 -0.58098284 1.88367729
-0.01204055 0.74190777 0.67039383 -1.59444528
0.77612008 0.42965867 -0.46155287 -0.24601843
0.00000000 0.00000000 0.00000000 1.00000000
75	75
-0.82970671 0.34442482 -0.43927021 1.33550138
-0.00839202 0.77915546 0.62677456 -1.51409152
0.55813649 0.52372542 -0.64358010 -0.10881609
0.00000000 0.00000000 0.00000000 1.00000000
76	76
-0.95516342 0.16842161 -0.24350975 0.77942405
-0.00319892 0.81652992 0.57729426 -1.44453886
0.29606182 0.55218933 -0.77938075 0.01825932
0.00000000 0.00000000 0.00000000 1.00000000
77	77
-0.99877406 0.02787226 -0.04090853 0.27956301
0.00255676 0.85435833 0.51967808 -1.37946355
0.04943515 0.51893640 -0.85338220 0.12713378
0.00000000 0.00000000 0.00000000 1.00000000
78	78
-0.99170004 -0.05674060 0.11537565 -0.10008942
0.00335791 0.88561864 0.46440107 -1.33477231
-0.12852922 0.46093398 -0.87807750 0.21122413
0.00000000 0.00000000 0.00000000 1.00000000
79	79
-0.98015157 -0.06549296 0.18711916 -0.45150494
0.00659886 0.93255554 0.36096623 -1.29761971
-0.19813976 0.35503639 -0.91361359 0.28917105
0.00000000 0.00000000 0.00000000 1.00000000
80	80
-0.99149352 0.02101476 -0.12844836 -0.41213008
0.00105378 0.98814330 0.15353080 -1.29732483
0.13015180 0.15208944 -0.97975982 0.28540047
0.00000000 0.00000000 0.00000000 1.00000000
81	81
-0.92311308 -0.00674148 -0.38446949 -0.25571916
-0.00487378 0.99997112 -0.00583203 -1.31240443
0.38449770 -0.00350980 -0.92311928 0.24892221
0.00000000 0.00000000 0.00000000 1.00000000
82	82
-0.97198870 -0.01368163 -0.23462903 -0.25864759
-0.00448608 0.99920233 -0.03968094 -1.31232158
0.23498478 -0.03751686 -0.97127475 0.25444310
0.00000000 0.00000000 0.00000000 1.00000000
83	83
-0.99522699 0.00600477 0.09740213 -0.27716196
0.00459990 0.99988223 -0.01464160 -1.31211728
-0.09747858 -0.01412367 -0.99513740 0.26709110
0.00000000 0.00000000 0.00000000 1.00000000
84	84
-0.95032164 -0.00495953 0.31123012 -0.27106336
0.01042278 0.99880534 0.04774153 -1.32170956
-0.31109508 0.04861369 -0.94913464 0.24194114
0.00000000 0.00000000 0.00000000 1.00000000
85	85
-0.97523963 -0.02090604 0.22016042 -0.17955596
0.00635459 0.99246160 0.12239118 -1.30126830
-0.22105948 0.12075975 -0.96775503 0.20587545
0.00000000 0.00000000 0.00000000 1.00000000
86	86
-0.99876817 0.01250000 -0.04801974 -0.05110499
0.00147750 0.97481224 0.22302224 -1.24839341
0.04959801 0.22267656 -0.97362990 0.14193346
0.00000000 0.00000000 0.00000000 1.00000000
87	87
-0.93956187 0.11050137 -0.32405700 0.07930896
-0.00496465 0.94198913 0.33560666 -1.21810581
0.34234316 0.31693205 -0.88450847 0.06652584
0.00000000 0.00000000 0.00000000 1.00000000
88	88
-0.83572475 0.26707505 -0.47982815 0.12843016
-0.00575401 0.86946072 0.49396858 -1.17824008
0.54911841 0.41558270 -0.72509309 0.01156514
0.00000000 0.00000000 0.00000000 1.00000000
89	89
-0.76412931 0.42496203 -0.48529751 0.12336023
-0.00657751 0.74715350 0.66461898 -1.19599671
0.64502956 0.51104689 -0.56812670 0.04622419
0.00000000 0.00000000 0.00000000 1.00000000
90	90
-0.72120650 0.37453792 -0.58273710 0.39236988
-0.00994654 0.83554447 0.54933279 -1.32070654
0.69264872 0.40197859 -0.59887474 0.37993871
0.00000000 0.00000000 0.00000000 1.00000000
91	91
-0.67963395 0.24524302 -0.69134185 0.75248007
-0.00957297 0.93941312 0.34265339 -1.46937248
0.73348896 0.23949708 -0.63610934 0.76358392
0.00000000 0.00000000 0.00000000 1.00000000
92	92
-0.65552508 0.20610619 -0.72650334 0.95816732
-0.01099982 0.95932708 0.28208253 -1.47789938
0.75509328 0.19290358 -0.62659583 0.70204475
0.00000000 0.00000000 0.00000000 1.00000000
93	93
-0.65076445 0.25685283 -0.71451540 1.05911403
-0.00909586 0.93833900 0.34559687 -1.36917621
0.75922519 0.23140129 -0.60830137 0.23840429
0.00000000 0.00000000 0.00000000 1.00000000
94	94
-0.52759684 0.32686784 -0.78409119 1.08902731
-0.01293486 0.91981060 0.39214940 -1.28863384
0.84939641 0.21703890 -0.48106118 -0.27126850
0.00000000 0.00000000 0.00000000 1.00000000
95	95
-0.34815220 0.37792693 -0.85788186 1.08487807
-0.01924713 0.91205981 0.40960523 -1.26376117
0.93724041 0.15911673 -0.31026162 -0.65363085
0.00000000 0.00000000 0.00000000 1.00000000
96	96
-0.09144321 0.44062322 -0.89302257 1.03480752
-0.01063354 0.89629663 0.44332751 -1.28248131
0.99575352 0.05003529 -0.07727486 -1.09700283
0.00000000 0.00000000 0.00000000 1.00000000
97	97
0.18903409 0.45250127 -0.87149797 0.99708875
-0.01925888 0.88903683 0.45743045 -1.27102911
0.98178165 -0.06968588 0.17677294 -1.54966500
0.00000000 0.00000000 0.00000000 1.00000000
98	98
0.42565524 0.41315164 -0.80506107 0.97927748
-0.01389081 0.89256144 0.45071180 -1.24517086
0.90477879 -0.18066489 0.38566247 -1.91243378
0.00000000 0.00000000 0.00000000 1.00000000
99	99
0.62528560 0.34515483 -0.69991861 0.97230456
-0.01490856 0.90199575 0.43148743 -1.25239529
0.78025359 -0.25936810 0.56915071 -2.17756444
0.00000000 0.00000000 0.00000000 1.00000000
100	100
0.80691894 0.17281596 -0.56481543 1.07221459
-0.01009525 0.96013645 0.27934940 -1.25409794
0.59057591 -0.21971037 0.77649691 -2.07840017
0.00000000 0.00000000 0.00000000 1.00000000
101	101
0.84127160 0.04205572 -0.53897440 1.13854229
-0.00747175 0.99777884 0.06619338 -1.25859884
0.54056106 -0.05165953 0.83971723 -1.96126857
0.00000000 0.00000000 0.00000000 1.00000000
102	102
0.78252792 -0.13571070 -0.60764518 1.13089572
-0.00763204 0.97379162 -0.22731394 -1.25769119
0.62256872 0.18251707 0.76098338 -1.96423636
0.00000000 0.00000000 0.00000000 1.00000000
103	103
0.76375360 -0.21476544 -0.60873331 1.12330480
-0.00789015 0.93985357 -0.34148647 -1.25554489
0.64545966 0.26561452 0.71612202 -1.96873269
0.00000000 0.00000000 0.00000000 1.00000000
104	104
0.86508534 -0.03289172 -0.50054520 1.13129030
-0.00461895 0.99728333 -0.07351613 -1.25297586
0.50160345 0.06590972 0.86258326 -1.99453169
0.00000000 0.00000000 0.00000000 1.00000000
105	105
0.93307843 0.04648768 -0.35665606 1.12529568
-0.00498118 0.99318717 0.11642349 -1.26422357
0.35963848 -0.10685568 0.92695309 -1.96095211
0.00000000 0.00000000 0.00000000 1.00000000
106	106
0.93444348 -0.04486293 -0.35327427 1.04872733
-0.00156190 0.99150691 -0.13004461 -1.30405584
0.35610806 0.12207112 0.92643710 -1.78794769
0.00000000 0.00000000 0.00000000 1.00000000
107	107
0.93967703 -0.12813380 -0.31715740 0.98638770
-0.00150429 0.92563312 -0.37841916 -1.33407796
0.34205968 0.35606889 0.86960343 -1.61078333
0.00000000 0.00000000 0.00000000 1.00000000
108	108
0.98523837 -0.03987894 -0.16647828 0.98083536
-0.00124798 0.97078872 -0.23993271 -1.33864291
0.17118349 0.23659868 0.95640853 -1.57837660
0.00000000 0.00000000 0.00000000 1.00000000
109	109
0.99579947 -0.00266088 0.09152235 1.00179941
0.00381344 0.99991559 -0.01242066 -1.33298411
-0.09148157 0.01271750 0.99572556 -1.60642778
0.00000000 0.00000000 0.00000000 1.00000000
110	110
0.95217389 0.02222353 0.30474743 0.99726497
0.00475789 0.99615231 -0.08750969 -1.33427191
-0.30551963 0.08477439 0.94840448 -1.60848455
0.00000000 0.00000000 0.00000000 1.00000000
111	111
0.84840544 0.13521900 0.51178514 0.98359616
0.00938346 0.96282999 -0.26994510 -1.34430559
-0.52926379 0.23382520 0.81560138 -1.59640204
0.00000000 0.00000000 0.00000000 1.00000000
112	112
0.70468669 0.24949795 0.66420436 0.99152926
0.00528114 0.93426345 -0.35654442 -1.34544580
-0.70949896 0.25475986 0.65704539 -1.60150135
0.00000000 0.00000000 0.00000000 1.00000000
113	113
0.52944207 0.19621748 0.82534223 1.04274536
0.01349935 0.97081209 -0.23946117 -1.35908723
-0.84823868 0.13792240 0.51133996 -1.63484397
0.00000000 0.00000000 0.00000000 1.00000000
114	114
0.32367624 0.03894419 0.94536609 1.06504638
0.01410922 0.99884281 -0.04597789 -1.36598161
-0.94606269 0.02822033 0.32275222 -1.64174594
0.00000000 0.00000000 0.00000000 1.00000000
115	115
0.08626230 -0.02924886 0.99584302 0.90277305
0.01319537 0.99951482 0.02821369 -1.38167889
-0.99618507 0.01070674 0.08660640 -1.55336339
0.00000000 0.00000000 0.00000000 1.00000000
116	116
-0.21437728 0.01396767 0.97665106 0.58010652
0.01096074 0.99986919 -0.01189382 -1.44236386
-0.97668943 0.00815506 -0.21450234 -1.36588215
0.00000000 0.00000000 0.00000000 1.00000000
117	117
-0.47558271 0.07382819 0.87656744 0.17733302
0.01546318 0.99701956 -0.07558361 -1.47345292
-0.87953509 -0.02239173 -0.47530689 -1.17498349
0.00000000 0.00000000 0.00000000 1.00000000
118	118
-0.59906610 0.05398805 0.79887740 -0.11972956
0.01143994 0.99819954 -0.05887958 -1.50004300
-0.80061784 -0.02613365 -0.59860513 -0.99582888
0.00000000 0.00000000 0.00000000 1.00000000
119	119
-0.49507093 -0.06637415 0.86631360 -0.27159707
0.01602246 0.99621081 0.08548279 -1.41514627
-0.86870482 0.05620052 -0.49213153 -0.99260792
0.00000000 0.00000000 0.00000000 1.00000000
120	120
-0.20271047 -0.31544854 0.92703866 -0.33480259
0.01624890 0.94547933 0.32527651 -1.30526100
-0.97910390 0.08100031 -0.18653287 -1.05053419
0.00000000 0.00000000 0.00000000 1.00000000
121	121
0.11866509 -0.54538866 0.82974081 -0.35263469
0.02012234 0.83679447 0.54714724 -1.16166393
-0.99273042 -0.04823095 0.11027279 -1.08135835
0.00000000 0.00000000 0.00000000 1.00000000
122	122
0.26246929 -0.66251621 0.70155694 -0.30689219
0.02218937 0.73099870 0.68201799 -1.06188289
-0.96468518 -0.16344167 0.20656553 -0.95290279
0.00000000 0.00000000 0.00000000 1.00000000
123	123
0.17759174 -0.70880340 0.68268508 -0.24213229
0.02353473 0.69657272 0.71710010 -1.03864979
-0.98382279 -0.11128424 0.14038706 -0.63812487
0.00000000 0.00000000 0.00000000 1.00000000
124	124
-0.01367542 -0.71698270 0.69695681 -0.15044483
0.02123027 0.69665665 0.71709050 -1.04387003
-0.99968108 0.02460310 0.00569466 -0.15417523
0.00000000 0.00000000 0.00000000 1.00000000
125	125
-0.28919543 -0.66256534 0.69092198 -0.00876185
0.01778176 0.71792017 0.69589829 -1.06342080
-0.95710491 0.21353641 -0.19583766 0.39421839
0.00000000 0.00000000 0.00000000 1.00000000
126	126
-0.55825289 -0.54767259 0.62322424 0.19683708
0.01485536 0.74445188 0.66751084 -1.08282083
-0.82953784 0.38189808 -0.40745654 0.85124243
0.00000000 0.00000000 0.00000000 1.00000000
127	127
-0.76281774 -0.41861825 0.49281626 0.49693734
0.00787920 0.75607528 0.65443723 -1.10423644
-0.64656556 0.50309932 -0.57344926 1.11448217
0.00000000 0.00000000 0.00000000 1.00000000
128	128
-0.88667373 -0.29450210 0.35648032 0.85317889
0.00581228 0.76378277 0.64544721 -1.09430651
-0.46235908 0.57437305 -0.67551438 1.19200522
0.00000000 0.00000000 0.00000000 1.00000000
129	129
-0.97121967 -0.15247005 0.18298970 1.31976943
-0.00123255 0.77147227 0.63626175 -1.08385113
-0.23818234 0.61772439 -0.74945697 1.19292077
0.00000000 0.00000000 0.00000000 1.00000000
130	130
-0.99994432 -0.00009213 -0.01055252 1.83224154
-0.00671483 0.77696641 0.62950625 -1.08624515
0.00814095 0.62954205 -0.77692376 1.11837461
0.00000000 0.00000000 0.00000000 1.00000000
131	131
-0.96831108 0.15215501 -0.19804674 2.31184903
-0.00291425 0.78605111 0.61815464 -1.07008271
0.24973018 0.59914314 -0.76069858 0.99881310
0.00000000 0.00000000 0.00000000 1.00000000
132	132
-0.88500812 0.28253252 -0.37004864 2.73740173
-0.00185764 0.79267048 0.60964749 -1.06578766
0.46557187 0.54023040 -0.70099497 0.83518365
0.00000000 0.00000000 0.00000000 1.00000000
133	133
-0.76836585 0.38180601 -0.51365171 3.04130941
-0.01091963 0.79462968 0.60699624 -1.07574025
0.63991771 0.47200407 -0.60639713 0.62275767
0.00000000 0.00000000 0.00000000 1.00000000
134	134
-0.60327820 0.47268161 -0.64236089 3.26105292
-0.01203378 0.79995035 0.59994552 -1.06826135
0.79744003 0.36966408 -0.47690446 0.26897344
0.00000000 0.00000000 0.00000000 1.00000000
135	135
-0.43411904 0.53692730 -0.72336003 3.34933581
-0.01301373 0.79914850 0.60099278 -1.07429380
0.90076151 0.27031602 -0.33993815 -0.22670003
0.00000000 0.00000000 0.00000000 1.00000000
136	136
-0.25804554 0.57040890 -0.77977316 3.34420327
-0.01878267 0.80399326 0.59434169 -1.04852111
0.96595016 0.16801344 -0.19675307 -0.76575086
0.00000000 0.00000000 0.00000000 1.00000000
137	137
-0.05666204 0.58927723 -0.80594154 3.23341621
-0.01620742 0.80658916 0.59089022 -1.05157006
0.99826186 0.04654328 -0.03615232 -1.25981068
0.00000000 0.00000000 0.00000000 1.00000000
138	138
0.16576292 0.57380500 -0.80204144 3.07133557
-0.02108827 0.81516936 0.57883867 -1.05151405
0.98594013 -0.07903632 0.14722541 -1.61186756
0.00000000 0.00000000 0.00000000 1.00000000
139	139
0.37420049 0.52342502 -0.76550652 2.85474458
-0.01636341 0.82907777 0.55889380 -1.03877125
0.92720345 -0.19661204 0.31880633 -1.83438334
0.00000000 0.00000000 0.00000000 1.00000000
140	140
0.57591440 0.44753041 -0.68413386 2.56462888
-0.01510648 0.84253369 0.53843178 -1.03116489
0.81737042 -0.29975576 0.49198789 -2.01180328
0.00000000 0.00000000 0.00000000 1.00000000
141	141
0.75466956 0.34880034 -0.55570871 2.22193006
-0.01365610 0.85514833 0.51820347 -1.03673405
0.65596293 -0.38348357 0.65011767 -2.17169390
0.00000000 0.00000000 0.00000000 1.00000000
142	142
0.88967712 0.23233455 -0.39305887 1.88271189
-0.01018911 0.87074512 0.49162905 -1.02350614
0.45647651 -0.43338620 0.77704929 -2.31621282
0.00000000 0.00000000 0.00000000 1.00000000
143	143
0.97275719 0.11522253 -0.20116465 1.54706488
-0.00887027 0.88560234 0.46435957 -0.99875928
0.23165657 -0.44992473 0.86249810 -2.47774142
0.00000000 0.00000000 0.00000000 1.00000000
